Popolazione
2230946
169390
364980
586113
212010
417288
125034
209382
271832
826194
217418
884876
597642
180425
3265327
1108126
1255437
540376
355908
406919
532644
536108
924742
855297
201309
883522
848829
933700
231734
526474
137795
231445
286433
454873
529609
707119
1021501
344510
387970
395306
354863
467451
310815
206172
191685
382543
291697
995517
331877
418122
339172
265179
219690
646710
223455
309795
152497
4253314
562592
477502
913666
272318
3034410
410369
1081380
294838
303900
316363
378840
217362
606904
1230205
563995
385235
782165
358401
194853
690503
349344
530967
421256
1222988
613887
423488
255931
160161
1072634
315601
389344
484407
205205
422840
310502
83154
154974
174170
334673
227412
336798
257073
168581
154715
156320
870193
171737
384801
344195
